,open_time,open,high,low,close,VOLUME,close_time
0,1714942800000,2.7837,2.7848,2.783,2.7831,3228.3,1714942859999
1,1714942860000,2.7829,2.7848,2.7825,2.7825,2651.8,1714942919999
2,1714942920000,2.7825,2.7831,2.7772,2.7777,2960.4,1714942979999
3,1714942980000,2.7779,2.7838,2.7779,2.7805,4593.2,1714943039999
4,1714943040000,2.7807,2.7813,2.7792,2.7801,1304.7,1714943099999
5,1714943100000,2.7798,2.7822,2.778,2.7785,813.2,1714943159999
6,1714943160000,2.7786,2.7852,2.7786,2.7852,1055.5,1714943219999
7,1714943220000,2.7853,2.7909,2.7853,2.7899,4376.5,1714943279999
8,1714943280000,2.7901,2.7905,2.7893,2.7904,1450.5,1714943339999
9,1714943340000,2.7903,2.7909,2.7898,2.7903,3820.9,1714943399999
10,1714943400000,2.7903,2.7951,2.7881,2.7951,11351.6,1714943459999
11,1714943460000,2.7953,2.7954,2.7839,2.7839,11925.4,1714943519999
12,1714943520000,2.784,2.7924,2.7825,2.7837,1788.0,1714943579999
13,1714943580000,2.7841,2.7864,2.7841,2.7847,2656.8,1714943639999
14,1714943640000,2.785,2.786,2.7842,2.7848,1656.5,1714943699999
15,1714943700000,2.7848,2.7858,2.7816,2.7816,984.3,1714943759999
16,1714943760000,2.7811,2.783,2.7803,2.7805,1151.8,1714943819999
17,1714943820000,2.7803,2.781,2.7782,2.7782,774.9,1714943879999
18,1714943880000,2.7794,2.7827,2.778,2.7823,2669.4,1714943939999
19,1714943940000,2.7824,2.7824,2.7794,2.7802,437.9,1714943999999
20,1714944000000,2.7795,2.7806,2.7783,2.7783,1141.2,1714944059999
21,1714944060000,2.7784,2.7784,2.7729,2.7729,2056.2,1714944119999
22,1714944120000,2.7729,2.7752,2.7713,2.773,2224.5,1714944179999
23,1714944180000,2.7732,2.7818,2.7732,2.7818,1743.0,1714944239999
24,1714944240000,2.7817,2.7831,2.7783,2.7791,1316.7,1714944299999
25,1714944300000,2.779,2.7821,2.779,2.7803,1291.1,1714944359999
26,1714944360000,2.7803,2.7857,2.7803,2.7835,443.2,1714944419999
27,1714944420000,2.7836,2.7844,2.7824,2.7824,573.9,1714944479999
28,1714944480000,2.7824,2.7837,2.7819,2.7837,207.8,1714944539999
29,1714944540000,2.7823,2.7835,2.7805,2.7814,2778.3,1714944599999
30,1714944600000,2.7814,2.7815,2.7776,2.7787,1372.9,1714944659999
31,1714944660000,2.7788,2.7794,2.778,2.7789,536.3,1714944719999
32,1714944720000,2.7783,2.7783,2.7756,2.7766,1065.9,1714944779999
33,1714944780000,2.7771,2.7771,2.7715,2.7728,3254.8,1714944839999
34,1714944840000,2.7738,2.7763,2.7738,2.7755,644.1,1714944899999
35,1714944900000,2.7745,2.7766,2.774,2.7761,2279.2,1714944959999
36,1714944960000,2.7759,2.7784,2.7759,2.7784,951.6,1714945019999
37,1714945020000,2.7785,2.7813,2.7781,2.7806,792.6,1714945079999
38,1714945080000,2.7805,2.7805,2.7776,2.7786,384.0,1714945139999
39,1714945140000,2.7794,2.7818,2.7794,2.7817,71.8,1714945199999
40,1714945200000,2.7825,2.7825,2.7767,2.7767,1214.9,1714945259999
41,1714945260000,2.7776,2.7795,2.7758,2.7758,613.8,1714945319999
42,1714945320000,2.776,2.7764,2.7749,2.7749,393.7,1714945379999
43,1714945380000,2.7749,2.7758,2.7747,2.7753,228.4,1714945439999
44,1714945440000,2.7756,2.7758,2.7753,2.7753,208.2,1714945499999
45,1714945500000,2.7756,2.7756,2.7715,2.7715,963.9,1714945559999
46,1714945560000,2.772,2.7721,2.7713,2.7713,590.6,1714945619999
47,1714945620000,2.7712,2.7726,2.7695,2.7696,2246.4,1714945679999
48,1714945680000,2.7707,2.775,2.7707,2.7719,4084.3,1714945739999
49,1714945740000,2.7718,2.7732,2.7713,2.7713,1175.0,1714945799999
50,1714945800000,2.7713,2.7719,2.7703,2.7712,630.2,1714945859999
51,1714945860000,2.7709,2.7736,2.768,2.7725,3205.9,1714945919999
52,1714945920000,2.7721,2.7729,2.7661,2.7683,2415.2,1714945979999
53,1714945980000,2.7682,2.7709,2.7657,2.7695,2936.2,1714946039999
54,1714946040000,2.7694,2.773,2.7694,2.7721,1786.7,1714946099999
55,1714946100000,2.7719,2.7719,2.7697,2.7703,691.6,1714946159999
56,1714946160000,2.7709,2.7731,2.7709,2.7725,638.9,1714946219999
57,1714946220000,2.7731,2.7764,2.7724,2.7764,1097.1,1714946279999
58,1714946280000,2.7761,2.7776,2.7743,2.7744,778.3,1714946339999
59,1714946340000,2.7745,2.7798,2.7744,2.7794,886.6,1714946399999
60,1714946400000,2.7777,2.7786,2.7742,2.776,2157.9,1714946459999
61,1714946460000,2.7744,2.7744,2.7679,2.7709,2456.3,1714946519999
62,1714946520000,2.7699,2.7711,2.7667,2.77,1092.8,1714946579999
63,1714946580000,2.7706,2.7725,2.7706,2.7717,1304.1,1714946639999
64,1714946640000,2.7713,2.774,2.7686,2.7739,1217.7,1714946699999
65,1714946700000,2.774,2.7748,2.7703,2.7721,2741.2,1714946759999
66,1714946760000,2.7728,2.7776,2.7728,2.7764,2635.0,1714946819999
67,1714946820000,2.7773,2.7791,2.7742,2.7788,2909.5,1714946879999
68,1714946880000,2.7786,2.7806,2.7786,2.7806,3175.5,1714946939999
69,1714946940000,2.7808,2.7808,2.7775,2.7785,3346.3,1714946999999
70,1714947000000,2.7786,2.7819,2.7786,2.7819,6138.9,1714947059999
71,1714947060000,2.7819,2.7819,2.7747,2.7747,3804.1,1714947119999
72,1714947120000,2.7744,2.7765,2.7744,2.7764,992.5,1714947179999
73,1714947180000,2.7765,2.7776,2.7765,2.7773,745.1,1714947239999
74,1714947240000,2.7776,2.7783,2.7766,2.7766,420.4,1714947299999
75,1714947300000,2.7766,2.7766,2.7715,2.7726,1171.1,1714947359999
76,1714947360000,2.7715,2.776,2.7702,2.7748,985.6,1714947419999
77,1714947420000,2.7748,2.7757,2.7741,2.7747,287.2,1714947479999
78,1714947480000,2.7748,2.7793,2.7748,2.7786,470.8,1714947539999
79,1714947540000,2.778,2.7782,2.778,2.778,308.0,1714947599999
80,1714947600000,2.7782,2.7812,2.7774,2.78,2141.4,1714947659999
81,1714947660000,2.7803,2.7841,2.7803,2.7838,961.9,1714947719999
82,1714947720000,2.7836,2.7858,2.7832,2.7858,989.8,1714947779999
83,1714947780000,2.7857,2.7871,2.7856,2.7859,2626.1,1714947839999
84,1714947840000,2.7859,2.7862,2.7855,2.7855,1052.7,1714947899999
85,1714947900000,2.7848,2.785,2.7821,2.7833,3369.6,1714947959999
86,1714947960000,2.7834,2.7834,2.7802,2.7821,2021.2,1714948019999
87,1714948020000,2.7822,2.7828,2.7806,2.7811,1699.1,1714948079999
88,1714948080000,2.7813,2.7833,2.7788,2.7811,1971.7,1714948139999
89,1714948140000,2.7808,2.7808,2.7793,2.7795,221.7,1714948199999
90,1714948200000,2.7795,2.7863,2.7788,2.7831,2848.4,1714948259999
91,1714948260000,2.7828,2.7831,2.7808,2.7809,790.2,1714948319999
92,1714948320000,2.7815,2.7821,2.7813,2.7813,1088.0,1714948379999
93,1714948380000,2.7813,2.7842,2.7806,2.7837,1391.4,1714948439999
94,1714948440000,2.7832,2.7838,2.7805,2.7817,555.7,1714948499999
95,1714948500000,2.7821,2.788,2.782,2.7878,2505.2,1714948559999
96,1714948560000,2.7879,2.7887,2.7799,2.7815,4267.8,1714948619999
97,1714948620000,2.7823,2.7827,2.7805,2.7805,166.4,1714948679999
98,1714948680000,2.7802,2.7803,2.7739,2.7763,2990.0,1714948739999
99,1714948740000,2.7763,2.7818,2.7763,2.7818,1172.2,1714948799999
100,1714948800000,2.7818,2.7865,2.7805,2.7854,1951.2,1714948859999
101,1714948860000,2.7843,2.7879,2.7843,2.7864,1577.4,1714948919999
102,1714948920000,2.7861,2.7873,2.7855,2.786,743.0,1714948979999
103,1714948980000,2.7864,2.7866,2.78,2.782,1731.7,1714949039999
104,1714949040000,2.7821,2.7833,2.7814,2.7822,631.3,1714949099999
105,1714949100000,2.7822,2.7824,2.7809,2.781,1123.5,1714949159999
106,1714949160000,2.7809,2.7809,2.779,2.7802,386.2,1714949219999
107,1714949220000,2.7803,2.7805,2.7795,2.7798,389.7,1714949279999
108,1714949280000,2.7796,2.7857,2.7796,2.7834,1149.4,1714949339999
109,1714949340000,2.7839,2.7852,2.782,2.7823,715.2,1714949399999
110,1714949400000,2.7821,2.7839,2.7806,2.7839,293.1,1714949459999
111,1714949460000,2.7835,2.7844,2.7826,2.7833,712.2,1714949519999
112,1714949520000,2.7835,2.7836,2.783,2.7832,68.8,1714949579999
113,1714949580000,2.7833,2.7836,2.7833,2.7836,29.0,1714949639999
114,1714949640000,2.7835,2.7836,2.7834,2.7836,37.2,1714949699999
115,1714949700000,2.7835,2.7839,2.7829,2.7839,230.3,1714949759999
116,1714949760000,2.7839,2.7843,2.7839,2.7843,27.9,1714949819999
117,1714949820000,2.7843,2.7846,2.7828,2.7828,993.1,1714949879999
118,1714949880000,2.7834,2.7866,2.7834,2.7846,877.7,1714949939999
119,1714949940000,2.7841,2.7843,2.7829,2.7829,624.9,1714949999999
120,1714950000000,2.7835,2.7845,2.7828,2.7844,396.4,1714950059999
121,1714950060000,2.7836,2.7861,2.7828,2.7831,905.2,1714950119999
122,1714950120000,2.7832,2.7842,2.7823,2.7838,834.6,1714950179999
123,1714950180000,2.7835,2.8058,2.7834,2.8033,64181.7,1714950239999
124,1714950240000,2.8031,2.8229,2.7984,2.8184,144978.8,1714950299999
125,1714950300000,2.8184,2.8184,2.8017,2.8099,72326.7,1714950359999
126,1714950360000,2.8099,2.829,2.8098,2.8277,51244.7,1714950419999
127,1714950420000,2.8258,2.8261,2.8199,2.8214,24511.4,1714950479999
128,1714950480000,2.8217,2.8257,2.8216,2.824,19759.5,1714950539999
129,1714950540000,2.824,2.8334,2.8232,2.8287,18202.1,1714950599999
130,1714950600000,2.8294,2.8407,2.8294,2.8343,42296.6,1714950659999
131,1714950660000,2.8343,2.841,2.8341,2.8368,13895.2,1714950719999
132,1714950720000,2.8356,2.8363,2.8349,2.8356,6404.2,1714950779999
133,1714950780000,2.8361,2.8443,2.8348,2.8412,7885.3,1714950839999
134,1714950840000,2.8407,2.848,2.8388,2.8399,21808.3,1714950899999
135,1714950900000,2.8395,2.8429,2.8387,2.84,15928.0,1714950959999
136,1714950960000,2.84,2.85,2.84,2.8442,18700.6,1714951019999
137,1714951020000,2.8439,2.851,2.8437,2.8495,6570.4,1714951079999
138,1714951080000,2.8501,2.8561,2.85,2.8508,19622.9,1714951139999
139,1714951140000,2.8508,2.8584,2.85,2.8539,13745.4,1714951199999
140,1714951200000,2.8539,2.8592,2.8516,2.8542,8428.6,1714951259999
141,1714951260000,2.855,2.8613,2.855,2.8593,10480.0,1714951319999
142,1714951320000,2.8595,2.8603,2.8565,2.8602,7690.7,1714951379999
143,1714951380000,2.8602,2.869,2.8577,2.8651,31213.1,1714951439999
144,1714951440000,2.864,2.8686,2.8632,2.867,8664.5,1714951499999
145,1714951500000,2.867,2.8741,2.8602,2.8605,29758.4,1714951559999
146,1714951560000,2.8615,2.8674,2.8614,2.8664,6657.6,1714951619999
147,1714951620000,2.8667,2.8752,2.8656,2.8714,7669.9,1714951679999
148,1714951680000,2.8723,2.8793,2.872,2.8781,4835.0,1714951739999
149,1714951740000,2.8779,2.8822,2.8714,2.8714,16847.4,1714951799999
150,1714951800000,2.8711,2.8717,2.8658,2.8658,6787.3,1714951859999
151,1714951860000,2.8657,2.8687,2.8635,2.8676,20737.6,1714951919999
152,1714951920000,2.8688,2.8758,2.8665,2.8744,10013.1,1714951979999
153,1714951980000,2.8742,2.8743,2.8606,2.8606,15786.5,1714952039999
154,1714952040000,2.8607,2.861,2.855,2.855,4344.4,1714952099999
155,1714952100000,2.8551,2.8551,2.8507,2.8507,3865.9,1714952159999
156,1714952160000,2.8509,2.851,2.8442,2.8491,15594.2,1714952219999
157,1714952220000,2.8487,2.8523,2.8477,2.8485,2266.9,1714952279999
158,1714952280000,2.8486,2.8491,2.8439,2.8445,4754.1,1714952339999
159,1714952340000,2.8445,2.8445,2.8356,2.8396,10696.9,1714952399999
160,1714952400000,2.8396,2.8401,2.8328,2.8328,5112.7,1714952459999
161,1714952460000,2.8328,2.8328,2.8289,2.8295,6425.6,1714952519999
162,1714952520000,2.8296,2.8401,2.8296,2.8398,10978.2,1714952579999
163,1714952580000,2.8389,2.8389,2.8275,2.8275,4430.1,1714952639999
164,1714952640000,2.8275,2.8307,2.8226,2.8307,9699.1,1714952699999
165,1714952700000,2.8319,2.8319,2.8282,2.8298,2504.0,1714952759999
166,1714952760000,2.8298,2.8298,2.8269,2.8296,4314.3,1714952819999
167,1714952820000,2.8287,2.8287,2.8244,2.8255,1971.7,1714952879999
168,1714952880000,2.826,2.8277,2.824,2.8251,5186.8,1714952939999
169,1714952940000,2.825,2.825,2.8211,2.822,4785.3,1714952999999
170,1714953000000,2.8219,2.8279,2.821,2.8276,6683.5,1714953059999
171,1714953060000,2.8276,2.8276,2.8247,2.826,4602.9,1714953119999
172,1714953120000,2.8261,2.8265,2.8236,2.8243,6798.9,1714953179999
173,1714953180000,2.8246,2.8246,2.8168,2.8172,9639.7,1714953239999
174,1714953240000,2.8193,2.8281,2.8191,2.8248,7401.6,1714953299999
175,1714953300000,2.825,2.8254,2.8225,2.8235,2771.9,1714953359999
176,1714953360000,2.8235,2.8339,2.8235,2.8285,13231.6,1714953419999
177,1714953420000,2.8292,2.8304,2.8232,2.8251,1718.7,1714953479999
178,1714953480000,2.825,2.8256,2.8225,2.8237,762.6,1714953539999
179,1714953540000,2.8238,2.8267,2.8202,2.8241,5612.9,1714953599999
180,1714953600000,2.8235,2.8294,2.8214,2.8219,7034.9,1714953659999
181,1714953660000,2.8223,2.8284,2.8221,2.826,4578.9,1714953719999
182,1714953720000,2.8255,2.831,2.8244,2.8255,2738.8,1714953779999
183,1714953780000,2.8255,2.8276,2.825,2.8274,2089.8,1714953839999
184,1714953840000,2.8271,2.8313,2.8265,2.8302,1852.4,1714953899999
185,1714953900000,2.8311,2.8312,2.8251,2.8284,3855.7,1714953959999
186,1714953960000,2.8284,2.8326,2.828,2.8305,3323.3,1714954019999
187,1714954020000,2.8306,2.8346,2.8305,2.8346,3026.3,1714954079999
188,1714954080000,2.8342,2.8378,2.8342,2.836,2422.7,1714954139999
189,1714954140000,2.8366,2.8378,2.836,2.8361,1518.8,1714954199999
190,1714954200000,2.8367,2.8367,2.8193,2.8262,12418.1,1714954259999
191,1714954260000,2.8274,2.8282,2.8231,2.8263,2930.2,1714954319999
192,1714954320000,2.8258,2.8321,2.8258,2.8318,2351.9,1714954379999
193,1714954380000,2.8319,2.8365,2.8314,2.8355,2151.1,1714954439999
194,1714954440000,2.8355,2.8369,2.8346,2.8352,1793.5,1714954499999
195,1714954500000,2.8352,2.8352,2.8183,2.8185,5961.3,1714954559999
196,1714954560000,2.8184,2.8258,2.8184,2.8245,5982.9,1714954619999
197,1714954620000,2.8243,2.828,2.8241,2.8267,1578.2,1714954679999
198,1714954680000,2.8267,2.8363,2.8267,2.8346,6864.1,1714954739999
199,1714954740000,2.8345,2.8353,2.831,2.832,1289.8,1714954799999
200,1714954800000,2.8318,2.8423,2.8317,2.8417,4601.5,1714954859999
201,1714954860000,2.8413,2.8454,2.8375,2.8442,8846.3,1714954919999
202,1714954920000,2.8433,2.8442,2.8352,2.8352,2379.4,1714954979999
203,1714954980000,2.8352,2.8371,2.8351,2.8351,2038.0,1714955039999
204,1714955040000,2.8351,2.8431,2.8347,2.8364,8120.4,1714955099999
205,1714955100000,2.8363,2.8363,2.8325,2.8325,1977.3,1714955159999
206,1714955160000,2.8331,2.8413,2.833,2.8397,4915.4,1714955219999
207,1714955220000,2.84,2.8436,2.84,2.8407,2367.3,1714955279999
208,1714955280000,2.8406,2.8419,2.8394,2.8394,1907.1,1714955339999
209,1714955340000,2.8394,2.841,2.8376,2.8383,874.8,1714955399999
210,1714955400000,2.8372,2.8406,2.8371,2.8395,1784.4,1714955459999
211,1714955460000,2.8394,2.8414,2.8373,2.84,2911.0,1714955519999
212,1714955520000,2.84,2.8445,2.8393,2.8428,1869.0,1714955579999
213,1714955580000,2.8431,2.8464,2.8431,2.8462,2055.9,1714955639999
214,1714955640000,2.8457,2.8479,2.8433,2.8475,3188.0,1714955699999
215,1714955700000,2.8479,2.8492,2.8471,2.8488,2855.6,1714955759999
216,1714955760000,2.8489,2.8569,2.8485,2.8567,11158.0,1714955819999
217,1714955820000,2.8571,2.8627,2.8566,2.8599,3451.3,1714955879999
218,1714955880000,2.8602,2.862,2.8578,2.8616,5981.5,1714955939999
219,1714955940000,2.8607,2.8664,2.8603,2.8646,4808.9,1714955999999
220,1714956000000,2.8628,2.8659,2.8617,2.8655,2962.0,1714956059999
221,1714956060000,2.8658,2.8672,2.8643,2.8656,1862.0,1714956119999
222,1714956120000,2.8652,2.8653,2.8618,2.8647,4416.2,1714956179999
223,1714956180000,2.8648,2.8648,2.8581,2.8635,10417.0,1714956239999
224,1714956240000,2.8637,2.8663,2.8624,2.8624,3358.1,1714956299999
225,1714956300000,2.861,2.861,2.8564,2.8599,2211.9,1714956359999
226,1714956360000,2.8596,2.8599,2.8534,2.8542,2658.7,1714956419999
227,1714956420000,2.854,2.8634,2.8534,2.8601,1924.2,1714956479999
228,1714956480000,2.8584,2.8595,2.8571,2.8584,1164.9,1714956539999
229,1714956540000,2.8578,2.8597,2.8575,2.8588,458.6,1714956599999
230,1714956600000,2.8579,2.8646,2.8562,2.8643,2969.5,1714956659999
231,1714956660000,2.8646,2.8649,2.8582,2.8608,455.3,1714956719999
232,1714956720000,2.8601,2.8675,2.8585,2.8675,3416.7,1714956779999
233,1714956780000,2.8667,2.8682,2.8652,2.8661,1211.7,1714956839999
234,1714956840000,2.8665,2.8759,2.8658,2.8758,3925.1,1714956899999
235,1714956900000,2.8748,2.8758,2.8697,2.8702,12528.4,1714956959999
236,1714956960000,2.8702,2.8748,2.8697,2.8743,3640.1,1714957019999
237,1714957020000,2.8729,2.8764,2.8707,2.872,3653.9,1714957079999
238,1714957080000,2.8709,2.8718,2.8679,2.8683,1674.4,1714957139999
239,1714957140000,2.8688,2.8702,2.866,2.8687,1984.6,1714957199999
240,1714957200000,2.8687,2.8687,2.8621,2.8621,2976.4,1714957259999
241,1714957260000,2.8622,2.8644,2.8541,2.8569,29675.6,1714957319999
242,1714957320000,2.857,2.8643,2.8564,2.8643,3337.2,1714957379999
243,1714957380000,2.8644,2.8656,2.8621,2.8621,2512.2,1714957439999
244,1714957440000,2.8621,2.8637,2.8621,2.8628,1858.4,1714957499999
245,1714957500000,2.8623,2.8693,2.8623,2.8693,4118.1,1714957559999
246,1714957560000,2.8692,2.8741,2.8681,2.8735,3203.6,1714957619999
247,1714957620000,2.8738,2.8777,2.8653,2.8685,8415.0,1714957679999
248,1714957680000,2.8681,2.8752,2.8681,2.873,3256.3,1714957739999
249,1714957740000,2.8727,2.8828,2.8727,2.8827,1748.2,1714957799999
250,1714957800000,2.8822,2.8827,2.8733,2.8749,2909.8,1714957859999
251,1714957860000,2.8747,2.8747,2.8661,2.8661,3805.5,1714957919999
252,1714957920000,2.8673,2.8744,2.8652,2.8722,4544.3,1714957979999
253,1714957980000,2.8715,2.8745,2.8676,2.8729,2769.1,1714958039999
254,1714958040000,2.8729,2.8757,2.8717,2.8735,1159.1,1714958099999
255,1714958100000,2.8734,2.875,2.866,2.872,2904.2,1714958159999
256,1714958160000,2.8723,2.875,2.8715,2.875,752.8,1714958219999
257,1714958220000,2.875,2.8768,2.8727,2.8752,2700.5,1714958279999
258,1714958280000,2.8752,2.8771,2.8739,2.8764,1398.7,1714958339999
259,1714958340000,2.8764,2.8778,2.8736,2.8761,3903.3,1714958399999
260,1714958400000,2.8748,2.8764,2.8748,2.8752,290.5,1714958459999
261,1714958460000,2.8752,2.8774,2.869,2.869,1452.0,1714958519999
262,1714958520000,2.8696,2.8724,2.8694,2.8701,614.9,1714958579999
263,1714958580000,2.8701,2.8707,2.8657,2.8657,2019.5,1714958639999
264,1714958640000,2.8658,2.8662,2.8605,2.8624,2256.5,1714958699999
265,1714958700000,2.8628,2.8639,2.862,2.8639,1099.7,1714958759999
266,1714958760000,2.8645,2.8671,2.8628,2.8649,1189.7,1714958819999
267,1714958820000,2.8654,2.8659,2.8649,2.8656,607.2,1714958879999
268,1714958880000,2.8655,2.8655,2.8598,2.8615,2081.6,1714958939999
269,1714958940000,2.861,2.861,2.8542,2.855,1764.4,1714958999999
270,1714959000000,2.854,2.854,2.8467,2.8476,2348.8,1714959059999
271,1714959060000,2.8475,2.8485,2.8434,2.8466,1827.1,1714959119999
272,1714959120000,2.8472,2.8472,2.8414,2.8425,1849.8,1714959179999
273,1714959180000,2.8427,2.8427,2.8354,2.8403,1745.2,1714959239999
274,1714959240000,2.8412,2.8427,2.8369,2.8402,481.6,1714959299999
275,1714959300000,2.8398,2.8416,2.8383,2.8416,2340.2,1714959359999
276,1714959360000,2.8425,2.847,2.8425,2.8431,7556.1,1714959419999
277,1714959420000,2.8441,2.8441,2.8414,2.8414,490.2,1714959479999
278,1714959480000,2.8414,2.8414,2.8377,2.8402,1646.8,1714959539999
279,1714959540000,2.8402,2.8496,2.8383,2.8494,4614.7,1714959599999
280,1714959600000,2.8497,2.8609,2.8491,2.8609,3207.6,1714959659999
281,1714959660000,2.8603,2.8603,2.853,2.8544,1175.0,1714959719999
282,1714959720000,2.8543,2.8594,2.8523,2.8594,1130.9,1714959779999
283,1714959780000,2.8603,2.8643,2.8603,2.862,1356.0,1714959839999
284,1714959840000,2.8614,2.8637,2.8591,2.8637,511.4,1714959899999
285,1714959900000,2.863,2.863,2.8486,2.8498,4281.3,1714959959999
286,1714959960000,2.8491,2.8518,2.8476,2.8476,1424.3,1714960019999
287,1714960020000,2.8471,2.8471,2.8429,2.845,3165.2,1714960079999
288,1714960080000,2.8446,2.8494,2.8436,2.8473,1964.5,1714960139999
289,1714960140000,2.847,2.847,2.842,2.8434,941.0,1714960199999
290,1714960200000,2.8433,2.8433,2.8382,2.8397,907.7,1714960259999
291,1714960260000,2.8392,2.8415,2.8378,2.8404,427.1,1714960319999
292,1714960320000,2.842,2.842,2.8353,2.8356,404.5,1714960379999
293,1714960380000,2.8356,2.8357,2.8341,2.8345,288.5,1714960439999
294,1714960440000,2.8352,2.8382,2.8352,2.8368,805.8,1714960499999
295,1714960500000,2.8378,2.8383,2.8368,2.8374,450.4,1714960559999
296,1714960560000,2.8371,2.8383,2.8351,2.8366,2193.1,1714960619999
297,1714960620000,2.8365,2.8441,2.8348,2.8425,4153.2,1714960679999
298,1714960680000,2.8423,2.8423,2.8362,2.839,1222.1,1714960739999
299,1714960740000,2.8396,2.8404,2.8371,2.8385,686.3,1714960799999
300,1714960800000,2.8382,2.8383,2.834,2.8346,1441.6,1714960859999
301,1714960860000,2.8346,2.8357,2.83,2.8324,1350.5,1714960919999
302,1714960920000,2.833,2.8425,2.833,2.8394,2896.2,1714960979999
303,1714960980000,2.8394,2.8419,2.8377,2.8383,3071.6,1714961039999
304,1714961040000,2.8381,2.8402,2.8364,2.8376,1361.1,1714961099999
305,1714961100000,2.8369,2.839,2.8356,2.8388,874.0,1714961159999
306,1714961160000,2.8391,2.8499,2.8383,2.8499,5543.7,1714961219999
307,1714961220000,2.85,2.85,2.8419,2.8427,1648.0,1714961279999
308,1714961280000,2.8429,2.8483,2.8429,2.844,1218.3,1714961339999
309,1714961340000,2.844,2.844,2.8402,2.8406,2706.5,1714961399999
310,1714961400000,2.8405,2.8405,2.8376,2.8381,1539.2,1714961459999
311,1714961460000,2.8382,2.8486,2.8365,2.8431,4867.3,1714961519999
312,1714961520000,2.8433,2.8452,2.84,2.8405,1456.2,1714961579999
313,1714961580000,2.8406,2.8406,2.837,2.8372,907.8,1714961639999
314,1714961640000,2.8373,2.8453,2.8373,2.8436,1332.1,1714961699999
315,1714961700000,2.843,2.8457,2.8411,2.8437,4203.8,1714961759999
316,1714961760000,2.844,2.8484,2.8428,2.8461,8474.6,1714961819999
317,1714961820000,2.8461,2.8461,2.8419,2.8437,761.6,1714961879999
318,1714961880000,2.8438,2.8467,2.8381,2.8402,1192.4,1714961939999
319,1714961940000,2.8407,2.8407,2.8365,2.8373,1938.2,1714961999999
320,1714962000000,2.8375,2.8419,2.8367,2.84,2200.0,1714962059999
321,1714962060000,2.839,2.8411,2.8365,2.8389,435.0,1714962119999
322,1714962120000,2.8386,2.8443,2.8374,2.844,542.8,1714962179999
323,1714962180000,2.8437,2.8437,2.8379,2.8387,957.3,1714962239999
324,1714962240000,2.8398,2.8398,2.8333,2.8356,525.2,1714962299999
325,1714962300000,2.8348,2.8348,2.8303,2.8317,864.2,1714962359999
326,1714962360000,2.8319,2.8368,2.8308,2.8336,853.8,1714962419999
327,1714962420000,2.8337,2.836,2.8337,2.8354,1035.3,1714962479999
328,1714962480000,2.8346,2.8378,2.8343,2.8378,786.6,1714962539999
329,1714962540000,2.8384,2.8388,2.8362,2.8373,262.8,1714962599999
330,1714962600000,2.8372,2.8388,2.8306,2.8365,28914.9,1714962659999
331,1714962660000,2.8374,2.8378,2.833,2.8363,2549.3,1714962719999
332,1714962720000,2.8372,2.8372,2.8319,2.8338,1118.1,1714962779999
333,1714962780000,2.835,2.8381,2.834,2.835,1369.3,1714962839999
334,1714962840000,2.835,2.835,2.8339,2.8344,392.4,1714962899999
335,1714962900000,2.8344,2.84,2.8344,2.8397,1428.2,1714962959999
336,1714962960000,2.8395,2.8398,2.8338,2.8398,1731.5,1714963019999
337,1714963020000,2.8397,2.8397,2.8346,2.8378,1574.2,1714963079999
338,1714963080000,2.8388,2.8444,2.8388,2.8444,2771.5,1714963139999
339,1714963140000,2.8444,2.8463,2.8414,2.8436,674.8,1714963199999
340,1714963200000,2.8438,2.8453,2.8402,2.842,1660.4,1714963259999
341,1714963260000,2.8418,2.8441,2.8417,2.8441,350.7,1714963319999
342,1714963320000,2.8436,2.8474,2.8416,2.8474,1535.6,1714963379999
343,1714963380000,2.8471,2.8471,2.8437,2.8446,1782.4,1714963439999
344,1714963440000,2.8445,2.8472,2.8441,2.8465,1263.4,1714963499999
345,1714963500000,2.8467,2.8467,2.8423,2.8442,2257.1,1714963559999
346,1714963560000,2.8442,2.8446,2.842,2.844,312.0,1714963619999
347,1714963620000,2.8439,2.8439,2.8361,2.8376,855.4,1714963679999
348,1714963680000,2.8382,2.8397,2.837,2.8396,214.4,1714963739999
349,1714963740000,2.84,2.84,2.8354,2.8354,1650.3,1714963799999
350,1714963800000,2.8353,2.837,2.8343,2.8355,2522.7,1714963859999
351,1714963860000,2.8353,2.8368,2.832,2.8353,1119.2,1714963919999
352,1714963920000,2.8354,2.8616,2.8335,2.8608,38193.1,1714963979999
353,1714963980000,2.8602,2.8602,2.8504,2.8517,10463.3,1714964039999
354,1714964040000,2.8517,2.8517,2.843,2.843,2862.9,1714964099999
355,1714964100000,2.8434,2.8442,2.8342,2.8387,6995.7,1714964159999
356,1714964160000,2.8386,2.8432,2.8386,2.843,2872.4,1714964219999
357,1714964220000,2.8434,2.844,2.8394,2.8415,1375.8,1714964279999
358,1714964280000,2.842,2.842,2.8384,2.8393,483.2,1714964339999
359,1714964340000,2.8388,2.8412,2.8356,2.8359,1406.8,1714964399999
360,1714964400000,2.8362,2.8575,2.8357,2.8575,5278.5,1714964459999
361,1714964460000,2.8584,2.8591,2.8539,2.8551,1708.6,1714964519999
362,1714964520000,2.8542,2.8558,2.853,2.8534,1759.0,1714964579999
363,1714964580000,2.854,2.8578,2.8523,2.8526,2169.4,1714964639999
364,1714964640000,2.8532,2.8571,2.8517,2.8536,10180.7,1714964699999
365,1714964700000,2.8529,2.8539,2.8512,2.8512,2421.0,1714964759999
366,1714964760000,2.8514,2.8589,2.8514,2.8585,1919.6,1714964819999
367,1714964820000,2.8586,2.8596,2.8553,2.8584,1515.2,1714964879999
368,1714964880000,2.8588,2.8617,2.8588,2.8604,726.0,1714964939999
369,1714964940000,2.8591,2.8647,2.8578,2.8626,2551.0,1714964999999
370,1714965000000,2.863,2.863,2.8561,2.8603,2636.2,1714965059999
371,1714965060000,2.8606,2.8643,2.8585,2.8617,8415.2,1714965119999
372,1714965120000,2.8612,2.8612,2.8521,2.8521,6736.0,1714965179999
373,1714965180000,2.8517,2.8573,2.8461,2.8544,7235.0,1714965239999
374,1714965240000,2.8545,2.8545,2.8502,2.8508,1117.5,1714965299999
375,1714965300000,2.8509,2.8594,2.8504,2.8523,7222.6,1714965359999
376,1714965360000,2.8522,2.859,2.8505,2.8568,1934.8,1714965419999
377,1714965420000,2.8568,2.8618,2.8568,2.8612,2725.0,1714965479999
378,1714965480000,2.8614,2.8614,2.8524,2.8544,11233.4,1714965539999
379,1714965540000,2.8541,2.8639,2.8541,2.8627,3253.6,1714965599999
380,1714965600000,2.861,2.8716,2.8606,2.8715,3300.6,1714965659999
381,1714965660000,2.8712,2.8712,2.8627,2.8705,3068.3,1714965719999
382,1714965720000,2.8704,2.8818,2.8702,2.8792,6645.8,1714965779999
383,1714965780000,2.8792,2.8793,2.8736,2.8771,9783.2,1714965839999
384,1714965840000,2.8773,2.8773,2.8746,2.8765,944.4,1714965899999
385,1714965900000,2.8765,2.8826,2.8734,2.8814,9106.6,1714965959999
386,1714965960000,2.8814,2.885,2.8784,2.8848,4698.0,1714966019999
387,1714966020000,2.8843,2.8858,2.8804,2.883,4178.7,1714966079999
388,1714966080000,2.883,2.8838,2.8783,2.8812,4345.8,1714966139999
389,1714966140000,2.8808,2.8818,2.8782,2.8795,2410.7,1714966199999
390,1714966200000,2.879,2.8865,2.8779,2.885,4510.9,1714966259999
391,1714966260000,2.8851,2.8918,2.884,2.8912,9389.7,1714966319999
392,1714966320000,2.8906,2.8912,2.878,2.878,9559.4,1714966379999
393,1714966380000,2.8777,2.884,2.8764,2.8815,3314.6,1714966439999
394,1714966440000,2.8815,2.8858,2.8799,2.8848,3708.4,1714966499999
395,1714966500000,2.8848,2.8916,2.8835,2.8886,7438.0,1714966559999
396,1714966560000,2.8886,2.8928,2.8886,2.8895,5560.2,1714966619999
397,1714966620000,2.8888,2.8888,2.8852,2.8865,4717.0,1714966679999
398,1714966680000,2.8869,2.8943,2.8869,2.8906,9103.6,1714966739999
399,1714966740000,2.8901,2.8901,2.8831,2.8831,5286.8,1714966799999
400,1714966800000,2.8834,2.8921,2.8799,2.8907,17961.6,1714966859999
401,1714966860000,2.8911,2.8911,2.8832,2.8833,4939.6,1714966919999
402,1714966920000,2.8833,2.8938,2.8833,2.8875,5819.7,1714966979999
403,1714966980000,2.8875,2.8875,2.8781,2.8781,3470.4,1714967039999
404,1714967040000,2.8784,2.8815,2.8773,2.8815,3235.5,1714967099999
405,1714967100000,2.8815,2.8819,2.8751,2.8755,4678.4,1714967159999
406,1714967160000,2.8758,2.8852,2.8758,2.8846,3114.5,1714967219999
407,1714967220000,2.8841,2.8857,2.8794,2.8799,1728.6,1714967279999
408,1714967280000,2.8797,2.8835,2.8797,2.8802,1671.0,1714967339999
409,1714967340000,2.8803,2.885,2.8803,2.8838,1470.0,1714967399999
410,1714967400000,2.883,2.883,2.8695,2.8752,10323.6,1714967459999
411,1714967460000,2.8758,2.8822,2.8727,2.8761,18927.3,1714967519999
412,1714967520000,2.8766,2.8837,2.8766,2.8798,2317.3,1714967579999
413,1714967580000,2.8799,2.8804,2.8781,2.8781,1657.9,1714967639999
414,1714967640000,2.8776,2.8776,2.8727,2.8731,769.8,1714967699999
415,1714967700000,2.8732,2.8873,2.8705,2.8793,11751.3,1714967759999
416,1714967760000,2.8789,2.8831,2.8763,2.8821,4722.1,1714967819999
417,1714967820000,2.8819,2.8828,2.8742,2.8759,4267.3,1714967879999
418,1714967880000,2.876,2.876,2.87,2.8721,5993.0,1714967939999
419,1714967940000,2.8719,2.8727,2.8647,2.8702,8222.5,1714967999999
420,1714968000000,2.8706,2.8706,2.8528,2.8551,15319.6,1714968059999
421,1714968060000,2.8552,2.861,2.855,2.8583,8874.1,1714968119999
422,1714968120000,2.8592,2.8656,2.8592,2.8624,6116.7,1714968179999
423,1714968180000,2.8623,2.8654,2.8606,2.8606,4710.6,1714968239999
424,1714968240000,2.8608,2.8635,2.8554,2.8594,11130.0,1714968299999
425,1714968300000,2.8593,2.8607,2.855,2.8577,5627.4,1714968359999
426,1714968360000,2.8576,2.8593,2.8506,2.8546,13376.8,1714968419999
427,1714968420000,2.8552,2.8583,2.8478,2.8515,13445.1,1714968479999
428,1714968480000,2.8511,2.8518,2.8471,2.849,5503.2,1714968539999
429,1714968540000,2.8492,2.8517,2.8336,2.8401,46759.3,1714968599999
430,1714968600000,2.8405,2.8502,2.8405,2.8501,7768.2,1714968659999
431,1714968660000,2.85,2.8515,2.8474,2.8474,1781.7,1714968719999
432,1714968720000,2.8474,2.8561,2.8474,2.852,5904.4,1714968779999
433,1714968780000,2.852,2.8541,2.8422,2.8455,34338.9,1714968839999
434,1714968840000,2.8453,2.8458,2.8312,2.8344,11722.6,1714968899999
435,1714968900000,2.8348,2.839,2.8223,2.8263,18775.9,1714968959999
436,1714968960000,2.8261,2.8323,2.7997,2.8048,98643.7,1714969019999
437,1714969020000,2.8048,2.8119,2.7991,2.8079,28970.2,1714969079999
438,1714969080000,2.808,2.8168,2.8079,2.8157,13880.7,1714969139999
439,1714969140000,2.8156,2.8181,2.8151,2.8173,3825.7,1714969199999
440,1714969200000,2.8173,2.8209,2.8155,2.8209,5414.0,1714969259999
441,1714969260000,2.8211,2.8241,2.8208,2.8211,5776.2,1714969319999
442,1714969320000,2.821,2.8213,2.8177,2.8186,3462.3,1714969379999
443,1714969380000,2.8184,2.8226,2.8176,2.8197,6811.3,1714969439999
444,1714969440000,2.8209,2.8222,2.8163,2.8167,3537.1,1714969499999
445,1714969500000,2.8172,2.8206,2.8154,2.8157,3433.8,1714969559999
446,1714969560000,2.8153,2.8174,2.815,2.8151,1929.7,1714969619999
447,1714969620000,2.8152,2.8171,2.8152,2.8163,2148.9,1714969679999
448,1714969680000,2.8166,2.8203,2.8142,2.8203,3835.3,1714969739999
449,1714969740000,2.8205,2.8205,2.8114,2.8163,8612.3,1714969799999
450,1714969800000,2.8169,2.8169,2.8127,2.8142,4251.3,1714969859999
451,1714969860000,2.8144,2.8176,2.8119,2.817,3998.0,1714969919999
452,1714969920000,2.8175,2.8181,2.8139,2.8149,3153.0,1714969979999
453,1714969980000,2.815,2.8191,2.815,2.8166,3897.3,1714970039999
454,1714970040000,2.8175,2.818,2.8077,2.8092,12704.3,1714970099999
455,1714970100000,2.8098,2.819,2.8098,2.8161,5532.0,1714970159999
456,1714970160000,2.8166,2.8182,2.8153,2.8159,2515.6,1714970219999
457,1714970220000,2.8156,2.8156,2.8094,2.81,2554.7,1714970279999
458,1714970280000,2.8109,2.8177,2.8109,2.8155,3504.3,1714970339999
459,1714970340000,2.8156,2.8158,2.8013,2.8013,9422.5,1714970399999
460,1714970400000,2.8017,2.8054,2.8017,2.8041,1631.1,1714970459999
461,1714970460000,2.8041,2.805,2.8018,2.805,2961.8,1714970519999
462,1714970520000,2.8057,2.8157,2.8057,2.8157,4719.5,1714970579999
463,1714970580000,2.8156,2.8175,2.809,2.811,14426.5,1714970639999
464,1714970640000,2.8108,2.8135,2.8094,2.8135,2193.4,1714970699999
465,1714970700000,2.8132,2.8222,2.8125,2.8201,9616.1,1714970759999
466,1714970760000,2.82,2.82,2.8163,2.817,3187.7,1714970819999
467,1714970820000,2.8171,2.822,2.8171,2.8194,2729.1,1714970879999
468,1714970880000,2.8196,2.8261,2.8195,2.8219,4514.5,1714970939999
469,1714970940000,2.8228,2.8295,2.8219,2.8237,5865.4,1714970999999
470,1714971000000,2.8236,2.83,2.8236,2.8251,2762.5,1714971059999
471,1714971060000,2.825,2.8256,2.8193,2.8198,4448.7,1714971119999
472,1714971120000,2.8198,2.822,2.8142,2.8175,2303.8,1714971179999
473,1714971180000,2.8174,2.82,2.8167,2.8173,2412.6,1714971239999
474,1714971240000,2.8181,2.82,2.8171,2.8194,1075.2,1714971299999
475,1714971300000,2.8194,2.8202,2.8184,2.8184,1845.8,1714971359999
476,1714971360000,2.8192,2.8233,2.8191,2.8227,2342.0,1714971419999
477,1714971420000,2.8231,2.826,2.823,2.824,2661.8,1714971479999
478,1714971480000,2.8242,2.8249,2.8238,2.8238,1738.1,1714971539999
479,1714971540000,2.8247,2.8259,2.824,2.8253,1312.3,1714971599999
480,1714971600000,2.8259,2.8273,2.8219,2.8273,5629.6,1714971659999
481,1714971660000,2.8256,2.827,2.8246,2.8247,2481.6,1714971719999
482,1714971720000,2.825,2.8252,2.8193,2.8205,2419.9,1714971779999
483,1714971780000,2.8208,2.825,2.8203,2.8243,2885.2,1714971839999
484,1714971840000,2.8244,2.8248,2.8224,2.8248,1549.9,1714971899999
485,1714971900000,2.824,2.8244,2.8218,2.8218,1294.7,1714971959999
486,1714971960000,2.8217,2.8329,2.8199,2.8314,15241.8,1714972019999
487,1714972020000,2.8316,2.8388,2.8297,2.8381,10408.8,1714972079999
488,1714972080000,2.8387,2.8467,2.8384,2.8444,9121.2,1714972139999
489,1714972140000,2.845,2.855,2.845,2.8543,7943.1,1714972199999
490,1714972200000,2.8543,2.8566,2.8449,2.8555,14752.9,1714972259999
491,1714972260000,2.8557,2.8651,2.8498,2.8588,15166.7,1714972319999
492,1714972320000,2.8588,2.8638,2.8549,2.8566,7193.5,1714972379999
493,1714972380000,2.8566,2.8566,2.8476,2.8497,6275.0,1714972439999
494,1714972440000,2.8498,2.8552,2.8498,2.8518,3099.2,1714972499999
495,1714972500000,2.8513,2.8625,2.8488,2.8598,5785.1,1714972559999
496,1714972560000,2.8597,2.8632,2.8546,2.8619,8149.9,1714972619999
497,1714972620000,2.8621,2.8672,2.8611,2.8669,5065.8,1714972679999
498,1714972680000,2.8666,2.8717,2.8653,2.8668,6664.6,1714972739999
499,1714972740000,2.8667,2.8702,2.8663,2.8674,2704.8,1714972799999
500,1714972800000,2.8673,2.8753,2.8655,2.8714,34891.3,1714972859999
501,1714972860000,2.8714,2.88,2.8706,2.878,15621.0,1714972919999
502,1714972920000,2.8785,2.91,2.8785,2.9078,38931.4,1714972979999
503,1714972980000,2.9078,2.9085,2.8873,2.8888,52786.5,1714973039999
504,1714973040000,2.8885,2.8969,2.8873,2.8964,5953.5,1714973099999
505,1714973100000,2.8964,2.9005,2.8835,2.8894,16486.8,1714973159999
506,1714973160000,2.8899,2.9054,2.8883,2.9051,30739.5,1714973219999
507,1714973220000,2.9049,2.9154,2.9036,2.9109,13171.5,1714973279999
508,1714973280000,2.9094,2.9142,2.9042,2.911,17443.3,1714973339999
509,1714973340000,2.9098,2.9112,2.9049,2.9068,6371.6,1714973399999
510,1714973400000,2.9065,2.9143,2.9034,2.9105,11525.1,1714973459999
511,1714973460000,2.9107,2.9152,2.9105,2.9105,6677.3,1714973519999
512,1714973520000,2.9112,2.9127,2.9018,2.9018,8578.7,1714973579999
513,1714973580000,2.9019,2.9078,2.9,2.9026,11343.7,1714973639999
514,1714973640000,2.9026,2.9029,2.9,2.9023,7576.3,1714973699999
515,1714973700000,2.9023,2.9063,2.9,2.9036,4702.3,1714973759999
516,1714973760000,2.9031,2.9093,2.9021,2.9093,6460.7,1714973819999
517,1714973820000,2.909,2.9111,2.9042,2.9056,3474.7,1714973879999
518,1714973880000,2.9056,2.9056,2.9024,2.9041,5219.7,1714973939999
519,1714973940000,2.9041,2.912,2.904,2.9055,5941.4,1714973999999
520,1714974000000,2.9052,2.9066,2.9024,2.9024,4710.8,1714974059999
521,1714974060000,2.9043,2.9201,2.9043,2.919,8565.2,1714974119999
522,1714974120000,2.919,2.9328,2.919,2.9299,19517.6,1714974179999
523,1714974180000,2.9293,2.9319,2.9217,2.9273,27671.8,1714974239999
524,1714974240000,2.9278,2.952,2.9278,2.9476,66442.4,1714974299999
525,1714974300000,2.9476,2.9588,2.9409,2.9485,47383.6,1714974359999
526,1714974360000,2.9493,2.9499,2.9395,2.9437,10982.0,1714974419999
527,1714974420000,2.9448,2.9496,2.9341,2.9341,9592.9,1714974479999
528,1714974480000,2.935,2.9427,2.9336,2.9389,13789.4,1714974539999
529,1714974540000,2.9397,2.9529,2.9397,2.9527,12978.0,1714974599999
530,1714974600000,2.9527,2.9598,2.9488,2.9569,9815.5,1714974659999
531,1714974660000,2.9567,2.9581,2.9471,2.9494,12181.2,1714974719999
532,1714974720000,2.9492,2.9631,2.9483,2.9563,21485.0,1714974779999
533,1714974780000,2.9559,2.9563,2.9445,2.9529,8226.1,1714974839999
534,1714974840000,2.9521,2.9521,2.9441,2.9441,3613.3,1714974899999
535,1714974900000,2.9447,2.9512,2.942,2.95,9735.8,1714974959999
536,1714974960000,2.9502,2.9546,2.9431,2.9455,8463.7,1714975019999
537,1714975020000,2.9452,2.9452,2.9337,2.9365,18981.3,1714975079999
538,1714975080000,2.9364,2.9364,2.9247,2.9254,14266.0,1714975139999
539,1714975140000,2.9256,2.9364,2.923,2.9348,10409.8,1714975199999
540,1714975200000,2.9345,2.935,2.9217,2.9288,9023.2,1714975259999
541,1714975260000,2.9293,2.9352,2.9263,2.9352,6420.2,1714975319999
542,1714975320000,2.9345,2.939,2.926,2.9371,8904.4,1714975379999
543,1714975380000,2.9383,2.9444,2.9354,2.9373,7017.9,1714975439999
544,1714975440000,2.9372,2.9531,2.9361,2.9434,32513.9,1714975499999
545,1714975500000,2.9434,2.945,2.9395,2.9406,5893.5,1714975559999
546,1714975560000,2.9408,2.9414,2.9362,2.9374,7911.5,1714975619999
547,1714975620000,2.9373,2.9449,2.934,2.9437,11320.6,1714975679999
548,1714975680000,2.9437,2.9438,2.9348,2.9349,7354.6,1714975739999
549,1714975740000,2.9348,2.9481,2.934,2.9474,7639.0,1714975799999
550,1714975800000,2.9477,2.9596,2.9469,2.9523,13077.8,1714975859999
551,1714975860000,2.9523,2.9642,2.9507,2.955,15590.5,1714975919999
552,1714975920000,2.955,2.9616,2.9517,2.9532,14302.5,1714975979999
553,1714975980000,2.9526,2.954,2.9428,2.9536,9953.4,1714976039999
554,1714976040000,2.9539,2.9648,2.9539,2.9638,6285.6,1714976099999
555,1714976100000,2.9637,2.965,2.9542,2.9607,8726.5,1714976159999
556,1714976160000,2.9601,2.9615,2.9531,2.9531,9370.9,1714976219999
557,1714976220000,2.9528,2.9557,2.9375,2.9442,35110.1,1714976279999
558,1714976280000,2.944,2.9466,2.9317,2.9382,22486.1,1714976339999
559,1714976340000,2.9381,2.952,2.9372,2.9511,2875.8,1714976399999
560,1714976400000,2.9513,2.9517,2.9461,2.9484,3360.1,1714976459999
561,1714976460000,2.9484,2.9528,2.9427,2.9462,7868.0,1714976519999
562,1714976520000,2.947,2.9541,2.9461,2.952,7417.7,1714976579999
563,1714976580000,2.9527,2.9574,2.949,2.9504,3310.2,1714976639999
564,1714976640000,2.9505,2.9575,2.95,2.9562,5297.0,1714976699999
565,1714976700000,2.9567,2.9597,2.9531,2.9543,2171.7,1714976759999
566,1714976760000,2.9543,2.9579,2.9511,2.9524,7629.2,1714976819999
567,1714976820000,2.9522,2.9522,2.9355,2.9355,9615.7,1714976879999
568,1714976880000,2.9356,2.9426,2.935,2.9383,6522.4,1714976939999
569,1714976940000,2.9381,2.9451,2.9375,2.9396,8511.2,1714976999999
570,1714977000000,2.9399,2.9399,2.9272,2.9366,8183.4,1714977059999
571,1714977060000,2.938,2.9428,2.9322,2.9331,9044.3,1714977119999
572,1714977120000,2.9329,2.9332,2.9305,2.931,3910.3,1714977179999
573,1714977180000,2.9314,2.9319,2.9207,2.9223,5569.4,1714977239999
574,1714977240000,2.9225,2.9282,2.9214,2.9267,4640.9,1714977299999
575,1714977300000,2.927,2.9274,2.924,2.9274,3487.4,1714977359999
576,1714977360000,2.9276,2.94,2.9266,2.94,7376.9,1714977419999
577,1714977420000,2.9402,2.9403,2.9271,2.9278,9784.3,1714977479999
578,1714977480000,2.9278,2.9355,2.9277,2.9325,1503.1,1714977539999
579,1714977540000,2.9328,2.9328,2.9258,2.927,3789.2,1714977599999
580,1714977600000,2.9273,2.9334,2.9249,2.9324,2273.4,1714977659999
581,1714977660000,2.9321,2.9332,2.931,2.9312,1824.4,1714977719999
582,1714977720000,2.9319,2.9403,2.9314,2.9403,2091.8,1714977779999
583,1714977780000,2.9403,2.9532,2.9403,2.9491,8206.3,1714977839999
584,1714977840000,2.9491,2.9496,2.9383,2.9493,12106.6,1714977899999
585,1714977900000,2.9482,2.9574,2.9378,2.9574,21706.3,1714977959999
586,1714977960000,2.957,2.96,2.9501,2.9559,19552.3,1714978019999
587,1714978020000,2.955,2.9597,2.9536,2.9556,10137.9,1714978079999
588,1714978080000,2.954,2.9641,2.9521,2.9544,16340.7,1714978139999
589,1714978140000,2.9528,2.9763,2.9525,2.9708,33002.7,1714978199999
590,1714978200000,2.9707,2.9802,2.9679,2.9774,16507.9,1714978259999
591,1714978260000,2.9768,2.985,2.9743,2.978,22714.5,1714978319999
592,1714978320000,2.978,2.978,2.9674,2.9707,8134.6,1714978379999
593,1714978380000,2.9708,2.9849,2.9707,2.9828,17887.8,1714978439999
594,1714978440000,2.9828,2.9895,2.9827,2.9893,17137.1,1714978499999
595,1714978500000,2.9882,2.9941,2.9858,2.9877,21298.7,1714978559999
596,1714978560000,2.9876,2.9876,2.981,2.9847,10576.0,1714978619999
597,1714978620000,2.9842,2.9842,2.9768,2.9803,12131.0,1714978679999
598,1714978680000,2.9812,2.9999,2.9779,2.9919,26860.1,1714978739999
599,1714978740000,2.9919,2.9972,2.9876,2.9958,18872.7,1714978799999
600,1714978800000,2.9955,2.9987,2.9852,2.9852,20141.7,1714978859999
601,1714978860000,2.9856,2.995,2.9852,2.9916,9563.6,1714978919999
602,1714978920000,2.9914,3.0112,2.9869,3.001,26713.2,1714978979999
603,1714978980000,3.001,3.0139,3.001,3.0086,37977.0,1714979039999
604,1714979040000,3.0086,3.0266,3.0074,3.0207,38063.1,1714979099999
605,1714979100000,3.0209,3.0293,3.0188,3.0227,20656.0,1714979159999
606,1714979160000,3.0214,3.0408,3.0214,3.029,32958.0,1714979219999
607,1714979220000,3.0294,3.0342,3.0124,3.0139,31721.8,1714979279999
608,1714979280000,3.0136,3.0328,3.013,3.0253,26624.8,1714979339999
609,1714979340000,3.0262,3.0309,3.0138,3.0164,14185.7,1714979399999
610,1714979400000,3.0165,3.0268,3.0108,3.0255,31158.0,1714979459999
611,1714979460000,3.0257,3.0421,3.0248,3.04,16888.0,1714979519999
612,1714979520000,3.039,3.0533,3.0315,3.0417,67213.4,1714979579999
613,1714979580000,3.0411,3.0456,3.0402,3.041,12768.5,1714979639999
614,1714979640000,3.0422,3.0876,3.0422,3.0856,96806.4,1714979699999
615,1714979700000,3.0856,3.097,3.0793,3.0951,60341.9,1714979759999
616,1714979760000,3.0945,3.1424,3.0912,3.1345,131249.5,1714979819999
617,1714979820000,3.1361,3.1561,3.1178,3.1426,116409.6,1714979879999
618,1714979880000,3.1443,3.1881,3.1394,3.1857,162056.0,1714979939999
619,1714979940000,3.1858,3.2165,3.1776,3.1994,205872.5,1714979999999
620,1714980000000,3.2004,3.2113,3.174,3.1915,199373.4,1714980059999
621,1714980060000,3.1912,3.1952,3.1668,3.1707,154008.5,1714980119999
622,1714980120000,3.1693,3.1797,3.152,3.16,89218.3,1714980179999
623,1714980180000,3.1609,3.1653,3.1596,3.1606,36214.3,1714980239999
624,1714980240000,3.1599,3.1599,3.1411,3.1517,113003.5,1714980299999
625,1714980300000,3.1512,3.1582,3.1328,3.1473,101520.3,1714980359999
626,1714980360000,3.1468,3.1476,3.1321,3.1435,34762.3,1714980419999
627,1714980420000,3.1422,3.1425,3.1116,3.1222,111260.3,1714980479999
628,1714980480000,3.1222,3.1226,3.0883,3.1045,121784.6,1714980539999
629,1714980540000,3.1044,3.1108,3.0978,3.106,62384.4,1714980599999
630,1714980600000,3.1048,3.1058,3.0817,3.097,85187.0,1714980659999
631,1714980660000,3.0966,3.107,3.0773,3.0977,114584.2,1714980719999
632,1714980720000,3.0977,3.1142,3.0858,3.1087,66852.0,1714980779999
633,1714980780000,3.1078,3.1094,3.0739,3.0805,44895.9,1714980839999
634,1714980840000,3.0795,3.0879,3.0579,3.0813,70199.8,1714980899999
635,1714980900000,3.0812,3.0971,3.0633,3.087,71340.1,1714980959999
636,1714980960000,3.087,3.0962,3.0829,3.0874,35433.4,1714981019999
637,1714981020000,3.0882,3.1004,3.0851,3.0994,22570.8,1714981079999
638,1714981080000,3.1003,3.1026,3.0933,3.1003,33374.9,1714981139999
639,1714981140000,3.0999,3.0999,3.09,3.0914,17570.4,1714981199999
640,1714981200000,3.091,3.1132,3.0871,3.1079,47182.0,1714981259999
641,1714981260000,3.1086,3.1115,3.1014,3.1101,25351.3,1714981319999
642,1714981320000,3.1102,3.1185,3.105,3.1063,55678.6,1714981379999
643,1714981380000,3.1056,3.1207,3.0988,3.119,37151.9,1714981439999
644,1714981440000,3.119,3.1212,3.1071,3.1207,62870.9,1714981499999
645,1714981500000,3.1201,3.1235,3.1101,3.1135,46037.0,1714981559999
646,1714981560000,3.1129,3.118,3.1099,3.1126,13007.7,1714981619999
647,1714981620000,3.1125,3.1217,3.1079,3.1199,14875.0,1714981679999
648,1714981680000,3.12,3.1699,3.1199,3.1687,76522.0,1714981739999
649,1714981740000,3.1678,3.1974,3.1678,3.1861,113716.1,1714981799999
650,1714981800000,3.1856,3.1937,3.1675,3.1765,67430.4,1714981859999
651,1714981860000,3.1766,3.1791,3.1662,3.1711,35529.1,1714981919999
652,1714981920000,3.1715,3.1891,3.1702,3.1795,41355.9,1714981979999
653,1714981980000,3.1795,3.189,3.1148,3.1197,190509.6,1714982039999
654,1714982040000,3.12,3.1221,3.0818,3.0967,124452.5,1714982099999
655,1714982100000,3.0966,3.1158,3.0962,3.1097,59511.9,1714982159999
656,1714982160000,3.1098,3.1239,3.0984,3.121,54001.8,1714982219999
657,1714982220000,3.1216,3.1432,3.1216,3.1304,42657.2,1714982279999
658,1714982280000,3.131,3.1376,3.1262,3.1332,29416.9,1714982339999
659,1714982340000,3.1333,3.1431,3.1306,3.1334,23091.6,1714982399999
660,1714982400000,3.1338,3.1545,3.1181,3.1383,67954.2,1714982459999
661,1714982460000,3.1379,3.1541,3.1369,3.152,45648.5,1714982519999
662,1714982520000,3.152,3.1687,3.1512,3.1573,40189.6,1714982579999
663,1714982580000,3.1567,3.1587,3.1508,3.1512,22696.2,1714982639999
664,1714982640000,3.1511,3.1765,3.1494,3.1725,53931.4,1714982699999
665,1714982700000,3.1721,3.1841,3.1452,3.1452,68462.4,1714982759999
666,1714982760000,3.1457,3.1598,3.1444,3.1597,28198.0,1714982819999
667,1714982820000,3.1592,3.1683,3.1575,3.1596,31334.0,1714982879999
668,1714982880000,3.1594,3.17,3.1592,3.1688,33689.3,1714982939999
669,1714982940000,3.1688,3.2095,3.1646,3.2013,111212.8,1714982999999
670,1714983000000,3.2001,3.208,3.189,3.1985,65133.3,1714983059999
671,1714983060000,3.1987,3.2324,3.19,3.2123,128223.3,1714983119999
672,1714983120000,3.2122,3.2124,3.1798,3.1949,122656.6,1714983179999
673,1714983180000,3.1938,3.1973,3.173,3.1764,44644.8,1714983239999
674,1714983240000,3.1759,3.1808,3.1567,3.1695,72985.8,1714983299999
675,1714983300000,3.1693,3.1766,3.1686,3.1752,21907.7,1714983359999
676,1714983360000,3.1755,3.1949,3.1755,3.1831,32577.2,1714983419999
677,1714983420000,3.1835,3.1897,3.1676,3.1676,31255.2,1714983479999
678,1714983480000,3.1675,3.1868,3.1665,3.1706,32583.1,1714983539999
679,1714983540000,3.1712,3.1722,3.1468,3.1602,62568.2,1714983599999
680,1714983600000,3.1586,3.2084,3.1564,3.1943,78829.1,1714983659999
681,1714983660000,3.1929,3.1999,3.1806,3.1851,40266.6,1714983719999
682,1714983720000,3.1837,3.1936,3.1788,3.187,25837.1,1714983779999
683,1714983780000,3.1874,3.2009,3.1762,3.1824,38066.7,1714983839999
684,1714983840000,3.18,3.1866,3.1738,3.1765,14824.4,1714983899999
685,1714983900000,3.177,3.1879,3.1765,3.1789,16741.9,1714983959999
686,1714983960000,3.1773,3.1839,3.1659,3.1689,19156.1,1714984019999
687,1714984020000,3.1689,3.1702,3.1528,3.1533,29186.6,1714984079999
688,1714984080000,3.1538,3.1587,3.1424,3.1459,25269.4,1714984139999
689,1714984140000,3.1462,3.156,3.1404,3.144,24266.2,1714984199999
690,1714984200000,3.1437,3.1636,3.1394,3.1513,45834.5,1714984259999
691,1714984260000,3.1514,3.1552,3.1457,3.1532,19841.8,1714984319999
692,1714984320000,3.1533,3.163,3.1533,3.1628,14413.2,1714984379999
693,1714984380000,3.1622,3.1825,3.1621,3.1716,18147.0,1714984439999
694,1714984440000,3.1713,3.1739,3.1612,3.169,17472.8,1714984499999
695,1714984500000,3.1677,3.1778,3.1631,3.1643,23258.2,1714984559999
696,1714984560000,3.1651,3.1652,3.1479,3.155,24972.3,1714984619999
697,1714984620000,3.155,3.1654,3.1523,3.1572,17932.2,1714984679999
698,1714984680000,3.157,3.1706,3.1563,3.1671,17141.8,1714984739999
699,1714984740000,3.167,3.1799,3.165,3.1761,10542.7,1714984799999
700,1714984800000,3.1764,3.1806,3.1736,3.1758,14615.6,1714984859999
701,1714984860000,3.1757,3.1765,3.1596,3.1614,13829.1,1714984919999
702,1714984920000,3.1614,3.1641,3.1257,3.1257,29701.1,1714984979999
703,1714984980000,3.1257,3.133,3.12,3.1217,37643.2,1714985039999
704,1714985040000,3.1219,3.1323,3.102,3.1273,73717.5,1714985099999
705,1714985100000,3.1269,3.1323,3.1199,3.1301,29705.0,1714985159999
706,1714985160000,3.1309,3.1328,3.1223,3.124,15529.9,1714985219999
707,1714985220000,3.1242,3.1305,3.1236,3.1284,10543.8,1714985279999
708,1714985280000,3.127,3.1277,3.1011,3.1043,18545.0,1714985339999
709,1714985340000,3.103,3.1142,3.0986,3.1129,33824.1,1714985399999
710,1714985400000,3.1136,3.1139,3.0986,3.1,15569.1,1714985459999
711,1714985460000,3.099,3.1128,3.095,3.1104,18335.1,1714985519999
712,1714985520000,3.1106,3.1136,3.106,3.1121,20556.0,1714985579999
713,1714985580000,3.1121,3.1169,3.1043,3.1148,29744.4,1714985639999
714,1714985640000,3.1148,3.1267,3.1115,3.1261,16828.7,1714985699999
715,1714985700000,3.1267,3.1278,3.1142,3.1204,13746.9,1714985759999
716,1714985760000,3.1204,3.1215,3.114,3.1192,11522.4,1714985819999
717,1714985820000,3.1182,3.1212,3.105,3.1086,11845.5,1714985879999
718,1714985880000,3.1095,3.1114,3.1057,3.1063,9437.6,1714985939999
719,1714985940000,3.1057,3.1065,3.0917,3.0941,14726.7,1714985999999
